20 0 119 
20 32 150 
20 43 98 
20 39 55 
20 34 31 
20 32 19 
20 56 18 
20 121 12 
20 62 -6 
20 37 -12 
20 60 -34 
20 92 -83 
20 96 -132 
20 30 -68 
20 17 -81 
20 0 -174 
20 -23 -112 
20 -37 -83 
20 -66 -91 
20 -76 -68 
20 -122 -71 
20 -210 -68 
20 -161 -16 
20 -133 14 
20 -142 46 
20 -131 75 
20 -111 100 
20 -109 150 
20 -211 475 
20 -71 335 
40 0 433 
40 93 438 
40 21 49 
40 34 47 
40 42 38 
40 69 40 
40 37 12 
40 46 4 
40 54 -5 
40 90 -29 
40 705 -407 
40 684 -616 
40 281 -387 
40 150 -337 
40 65 -307 
40 0 -333 
40 -12 -58 
40 -17 -39 
40 -34 -47 
40 -34 -31 
40 -41 -24 
40 -47 -15 
40 -57 -6 
40 -54 5 
40 -52 16 
40 -51 29 
40 -53 48 
40 -34 47 
40 -23 52 
